y16c0
2,3,4,5,6,7,8,9,10,11,118,119,177,193,194,200,201,228,229,230,231,232,233,234,235,236,237,560,598



y18c0
7,117,412,429,443,459,474,490,505,520,548,564,579,595

y18c1
1,2,3,6,7,37,134,340,428,450,464,480,495,510,527,540,568,584,599,615,631,647,668

y18c2
35,36,117,120,131,151,412,429,443,459,474,489,504,519,520,547,575,591,607,623,644



y19c0
17,18,37,38,39,40,44,61,77,93,97,111,126,142,158,174,190,203,218,232,247,264,277,292,362,377,392,407,422,437,452,467,484,536,551,566,583,596,611,628,644,661,676,677,693

y19c1
8,41,54,56,60,61,77,92,107,123,138,154,169,184,201,215,231,245,260,276,306,375,391,406,421,436,451,466,481,498,553,571,586,603,616,631,648,663,679,694,709

y19c2
8,9,10,24,80,93,109,124,139,155,170,185,201,216,233,247,262,276,291,329,330,331,337,406,422,437,453,468,483,498,513,530,594,595,596,597,611,612,629,642,657,674,689,705,720,735

y19c3
13,23,36,51,67,82,100,116,131,146,162,179,193,208,222,237,251,268,283,350,367,384

y19c4
13,23,34,50,67,82,86,88,89,90,91,92,94,95,96,97,98,99,100,101,102,103,104,105,106,107,108,109,110,112,113,114,116,117,118,120,121,122,123,124,129,130,132,137,147,163,180,193,208,222,237,238,253,265,279,363,379



y20c0
3,19,32,42,51,52,62,71,82,92,102,122,145,156,165,180

y20c1
12,14,24,33,35,42,51,60,69,83,90,111,134,145,146,147,155,156,157,158,159,160,162,164

y20c2
9,13,14,17,132,143,153,164,165,167,169,172

y20c3
1,15,17,21,26,36,46,58,67,76,86,94,103,112,114

y20c4
2,12,17,19,23,24,26,36,44,55,63,73,82,89,98,106,117,131,143,151,160,166,168,175

y20c5
18,20,25,31,41,51,62,71,90,110,118,128,130,143,145,154,157,163,166,173,178,185,195,220,232,241,250,260,282,296,301,312,326,336,346,356,367,384,394,404,414,425,434,442,451

y20c6
7,10,12,16,17,22,30,40,49,58,67,76,84,93,102,105,113,115,129,131,143,144,149,152,159,165,169,174,177,207,219,228,237,245,254,264,277,281,290,301,312,322,332,342,359,369,380,389,398,407,417,426
